8.039875
7.783569
8.229183
17.397493
12.008495
9.60423
7.142945
10.330955
7.1438
11.313987
20.315226
32.045746
16.978962
10.470655
17.010039
15.43428
10.405651
14.113687
21.355563
28.709483
16.091725
19.451082
21.18108
16.750596
25.994743
16.207477
19.173963
18.10597
14.655381
20.18693
20.293843
17.905829
19.43084
20.846371
22.532179
27.601292
21.784926
22.516498
26.527883
30.725724
20.57752
35.579015
24.427537
35.142808
30.013254
29.406843
37.064681
23.425403
30.975474
23.156267
27.23351
34.615371
29.21782
29.019674
28.048901
30.3109
31.996139
30.973193
30.457444
26.964659
41.84014
36.935531
33.540536
43.789952
