183.098186
230.373795
273.864389
119.569485
257.051926
123.944659
209.624358
301.82548
218.442847
136.964697
196.840671
249.188814
276.877062
169.476014
133.197073
286.625838
243.844578
126.328682
122.482086
163.811323
175.681259
227.444086
196.733188
289.77707
202.031807
233.959522
138.147584
279.152175
228.518065
218.520109
239.525282
264.402425
150.678101
185.912998
136.729487
266.832634
123.844018
148.192582
168.58564
101.322673
158.343067
209.140825
155.507443
191.374981
194.387369
136.574391
162.529505
110.342444
238.30134
135.453656
